FSOT 20-AMINO-ACID EXPANDED TRINARY SYNTAX (6-trit opcode)
==========================================================================================================
 AA | F01 [C,P,V]     | EXPANDED [C,P,V,Aro,Br,Het,Det] | SPIN     | CHARGE   | H_EXP    | VOL_EXP
----------------------------------------------------------------------------------------------------------
 A  | [+0, -1, -1]    | [+0, -1, -1, +0, +0, +0, +0] |  -0.4000 |  +0.0000 |   1.1769 |   5.2778
 R  | [+1, +1, +1]    | [+1, +1, +1, +0, +0, +0, +1] |  +0.6000 |  +1.3820 |   1.0344 |  16.1048
 N  | [+0, +1, +0]    | [+0, +1, +0, +0, +0, +0, +0] |  +0.2000 |  +0.0000 |   0.6180 |   8.5397
 D  | [-1, +1, +0]    | [-1, +1, +0, +0, +0, +0, +0] |  +0.2000 |  -1.0000 |   0.6180 |   8.5397
 C  | [+0, +0, -1]    | [+0, +0, -1, +0, +0, +1, +0] |  -0.2000 |  +0.6180 |   0.8741 |   7.2560
 Q  | [+0, +1, +1]    | [+0, +1, +1, +0, +0, +0, +0] |  +0.4000 |  +0.0000 |   0.8497 |  13.8176
 E  | [-1, +1, +1]    | [-1, +1, +1, +0, +0, +0, +0] |  +0.4000 |  -1.0000 |   0.8497 |  13.8176
 G  | [+0, -1, -1]    | [+0, -1, -1, +0, +0, -1, +0] |  -0.4000 |  -0.6180 |   0.7274 |   3.2619
 H  | [+1, +1, +1]    | [+1, +1, +1, +0, +0, +1, +0] |  +0.4000 |  +1.6180 |   0.8497 |  18.9964
 I  | [+0, -1, +1]    | [+0, -1, +1, +0, +1, +0, +1] |  +0.4000 |  +0.3820 |   3.4448 |  20.4856
 L  | [+0, -1, +1]    | [+0, -1, +1, +0, +1, +0, -1] |  +0.0000 |  -0.3820 |   2.3243 |  15.0801
 K  | [+1, +1, +1]    | [+1, +1, +1, +0, +0, +0, -1] |  +0.2000 |  +0.6180 |   0.6979 |  11.8552
 M  | [+0, -1, +1]    | [+0, -1, +1, +0, +0, +1, +0] |  +0.0000 |  +0.6180 |   2.6731 |  18.9964
 F  | [+0, -1, +1]    | [+0, -1, +1, +1, +0, +0, +1] |  +0.4000 |  +0.3820 |   4.3818 |  20.4856
 P  | [+0, -1, +0]    | [+0, -1, +0, +0, -1, +0, +0] |  -0.4000 |  +0.0000 |   1.6180 |   5.2778
 S  | [+0, +1, -1]    | [+0, +1, -1, +0, +0, -1, +0] |  +0.0000 |  -0.6180 |   0.2778 |   4.3353
 T  | [+0, +1, +0]    | [+0, +1, +0, +0, +1, -1, -1] |  +0.2000 |  -1.0000 |   0.3991 |   7.6556
 W  | [+0, -1, +1]    | [+0, -1, +1, +1, +0, +1, +0] |  +0.2000 |  +0.6180 |   3.5993 |  24.1638
 Y  | [+0, +1, +1]    | [+0, +1, +1, +1, +0, -1, +0] |  +0.6000 |  -0.6180 |   0.8497 |  14.4374
 V  | [+0, -1, +0]    | [+0, -1, +0, +0, +1, +0, +1] |  +0.2000 |  +0.3820 |   2.5056 |  12.6608
==========================================================================================================
unique_expanded_words=20/20  all_unique=True
F01 collisions (pre-expansion): [{"phase": [0, -1, -1], "aas": ["A", "G"]}, {"phase": [1, 1, 1], "aas": ["R", "H", "K"]}, {"phase": [0, 1, 0], "aas": ["N", "T"]}, {"phase": [0, 1, 1], "aas": ["Q", "Y"]}, {"phase": [0, -1, 1], "aas": ["I", "L", "M", "F", "W"]}, {"phase": [0, -1, 0], "aas": ["P", "V"]}]
Law: aromatic/branch/hetero are structural trits; continuous fields from {π,e,φ,γ} only.
