FSOT 64-CODON TRINARY + AA EXPANDED OPCODE
================================================================================
CODON | PRIMARY      | SECONDARY    | AA | EXPANDED WORD
--------------------------------------------------------------------------------
AAA  | [1, 1, 1] | [1, 1, 1] | K  | [+1, +1, +1, +0, +0, +0, -1]
AAC  | [1, 1, -1] | [1, 1, 0] | N  | [+0, +1, +0, +0, +0, +0, +0]
AAG  | [1, 1, 1] | [1, 1, 0] | K  | [+1, +1, +1, +0, +0, +0, -1]
AAT  | [1, 1, -1] | [1, 1, -1] | N  | [+0, +1, +0, +0, +0, +0, +0]
ACA  | [1, -1, 1] | [1, 0, 1] | T  | [+0, +1, +0, +0, +1, -1, -1]
ACC  | [1, -1, -1] | [1, 0, 0] | T  | [+0, +1, +0, +0, +1, -1, -1]
ACG  | [1, -1, 1] | [1, 0, 0] | T  | [+0, +1, +0, +0, +1, -1, -1]
ACT  | [1, -1, -1] | [1, 0, -1] | T  | [+0, +1, +0, +0, +1, -1, -1]
AGA  | [1, 1, 1] | [1, 0, 1] | R  | [+1, +1, +1, +0, +0, +0, +1]
AGC  | [1, 1, -1] | [1, 0, 0] | S  | [+0, +1, -1, +0, +0, -1, +0]
AGG  | [1, 1, 1] | [1, 0, 0] | R  | [+1, +1, +1, +0, +0, +0, +1]
AGT  | [1, 1, -1] | [1, 0, -1] | S  | [+0, +1, -1, +0, +0, -1, +0]
ATA  | [1, -1, 1] | [1, -1, 1] | I  | [+0, -1, +1, +0, +1, +0, +1]
ATC  | [1, -1, -1] | [1, -1, 0] | I  | [+0, -1, +1, +0, +1, +0, +1]
ATG  | [1, -1, 1] | [1, -1, 0] | M  | [+0, -1, +1, +0, +0, +1, +0]
ATT  | [1, -1, -1] | [1, -1, -1] | I  | [+0, -1, +1, +0, +1, +0, +1]
CAA  | [-1, 1, 1] | [0, 1, 1] | Q  | [+0, +1, +1, +0, +0, +0, +0]
CAC  | [-1, 1, -1] | [0, 1, 0] | H  | [+1, +1, +1, +0, +0, +1, +0]
CAG  | [-1, 1, 1] | [0, 1, 0] | Q  | [+0, +1, +1, +0, +0, +0, +0]
CAT  | [-1, 1, -1] | [0, 1, -1] | H  | [+1, +1, +1, +0, +0, +1, +0]
CCA  | [-1, -1, 1] | [0, 0, 1] | P  | [+0, -1, +0, +0, -1, +0, +0]
CCC  | [-1, -1, -1] | [0, 0, 0] | P  | [+0, -1, +0, +0, -1, +0, +0]
CCG  | [-1, -1, 1] | [0, 0, 0] | P  | [+0, -1, +0, +0, -1, +0, +0]
CCT  | [-1, -1, -1] | [0, 0, -1] | P  | [+0, -1, +0, +0, -1, +0, +0]
CGA  | [-1, 1, 1] | [0, 0, 1] | R  | [+1, +1, +1, +0, +0, +0, +1]
CGC  | [-1, 1, -1] | [0, 0, 0] | R  | [+1, +1, +1, +0, +0, +0, +1]
CGG  | [-1, 1, 1] | [0, 0, 0] | R  | [+1, +1, +1, +0, +0, +0, +1]
CGT  | [-1, 1, -1] | [0, 0, -1] | R  | [+1, +1, +1, +0, +0, +0, +1]
CTA  | [-1, -1, 1] | [0, -1, 1] | L  | [+0, -1, +1, +0, +1, +0, -1]
CTC  | [-1, -1, -1] | [0, -1, 0] | L  | [+0, -1, +1, +0, +1, +0, -1]
CTG  | [-1, -1, 1] | [0, -1, 0] | L  | [+0, -1, +1, +0, +1, +0, -1]
CTT  | [-1, -1, -1] | [0, -1, -1] | L  | [+0, -1, +1, +0, +1, +0, -1]
GAA  | [1, 1, 1] | [0, 1, 1] | E  | [-1, +1, +1, +0, +0, +0, +0]
GAC  | [1, 1, -1] | [0, 1, 0] | D  | [-1, +1, +0, +0, +0, +0, +0]
GAG  | [1, 1, 1] | [0, 1, 0] | E  | [-1, +1, +1, +0, +0, +0, +0]
GAT  | [1, 1, -1] | [0, 1, -1] | D  | [-1, +1, +0, +0, +0, +0, +0]
GCA  | [1, -1, 1] | [0, 0, 1] | A  | [+0, -1, -1, +0, +0, +0, +0]
GCC  | [1, -1, -1] | [0, 0, 0] | A  | [+0, -1, -1, +0, +0, +0, +0]
GCG  | [1, -1, 1] | [0, 0, 0] | A  | [+0, -1, -1, +0, +0, +0, +0]
GCT  | [1, -1, -1] | [0, 0, -1] | A  | [+0, -1, -1, +0, +0, +0, +0]
GGA  | [1, 1, 1] | [0, 0, 1] | G  | [+0, -1, -1, +0, +0, -1, +0]
GGC  | [1, 1, -1] | [0, 0, 0] | G  | [+0, -1, -1, +0, +0, -1, +0]
GGG  | [1, 1, 1] | [0, 0, 0] | G  | [+0, -1, -1, +0, +0, -1, +0]
GGT  | [1, 1, -1] | [0, 0, -1] | G  | [+0, -1, -1, +0, +0, -1, +0]
GTA  | [1, -1, 1] | [0, -1, 1] | V  | [+0, -1, +0, +0, +1, +0, +1]
GTC  | [1, -1, -1] | [0, -1, 0] | V  | [+0, -1, +0, +0, +1, +0, +1]
GTG  | [1, -1, 1] | [0, -1, 0] | V  | [+0, -1, +0, +0, +1, +0, +1]
GTT  | [1, -1, -1] | [0, -1, -1] | V  | [+0, -1, +0, +0, +1, +0, +1]
TAA  | [-1, 1, 1] | [-1, 1, 1] | *  | STOP
TAC  | [-1, 1, -1] | [-1, 1, 0] | Y  | [+0, +1, +1, +1, +0, -1, +0]
TAG  | [-1, 1, 1] | [-1, 1, 0] | *  | STOP
TAT  | [-1, 1, -1] | [-1, 1, -1] | Y  | [+0, +1, +1, +1, +0, -1, +0]
TCA  | [-1, -1, 1] | [-1, 0, 1] | S  | [+0, +1, -1, +0, +0, -1, +0]
TCC  | [-1, -1, -1] | [-1, 0, 0] | S  | [+0, +1, -1, +0, +0, -1, +0]
TCG  | [-1, -1, 1] | [-1, 0, 0] | S  | [+0, +1, -1, +0, +0, -1, +0]
TCT  | [-1, -1, -1] | [-1, 0, -1] | S  | [+0, +1, -1, +0, +0, -1, +0]
TGA  | [-1, 1, 1] | [-1, 0, 1] | *  | STOP
TGC  | [-1, 1, -1] | [-1, 0, 0] | C  | [+0, +0, -1, +0, +0, +1, +0]
TGG  | [-1, 1, 1] | [-1, 0, 0] | W  | [+0, -1, +1, +1, +0, +1, +0]
TGT  | [-1, 1, -1] | [-1, 0, -1] | C  | [+0, +0, -1, +0, +0, +1, +0]
TTA  | [-1, -1, 1] | [-1, -1, 1] | L  | [+0, -1, +1, +0, +1, +0, -1]
TTC  | [-1, -1, -1] | [-1, -1, 0] | F  | [+0, -1, +1, +1, +0, +0, +1]
TTG  | [-1, -1, 1] | [-1, -1, 0] | L  | [+0, -1, +1, +0, +1, +0, -1]
TTT  | [-1, -1, -1] | [-1, -1, -1] | F  | [+0, -1, +1, +1, +0, +0, +1]
================================================================================
